Ministeria Spiritualia Prov. Maryland. Neo-Eboracensis, a die f Jul. 1890 ad diem r Jul. 1891
DOMICILIA
Baltimore
Bohemia
Boston College
" St. Mary's
Holy Trinity
" Islands
CONEWAGO
FORDHAM
Frederick
Georgetown College
Holy Trinity
Jersey City
Leonardtown
Manresa
Missionaries
New York, St. Francis Xavier's
" St. Lawrence's
Islands
Philadelphia, Gesu
St. Joseph's
Providence
St. Inigo's
St. Thomas's
Troy
Washington
Whitemarsh
Woodstock
Worcester
Summa
111
64
16
1
24
14
213
260
10
19
2
96
9
100
2
83
5
88
10
176
4
270
17
340
38
70
177
412
151
85
17
897
81
210
13
158
55
215
3
115
149
-14
259
22
240
18
73
10
26
9
39
1
4744
755
74921 2715
23100 26208 14448 25721 18000 42453 17600
3350 93069 104998 60542 35510 79858 56000 31440
6000 10106 56830 90000
7
3
15724
1090781
1448 220 3359 2449 285 20 90 582 172 789 60 395 296 100 39360 2306 297 4361 1820 1500, 72
1
■%
s
1
Com
Com
5851 21 20000 597 200 4230 130 9155 1382 20326 260 3557 720
87000 17975
14450 7177
3500 7000 65456 15000 900
10050
9763 143230 2318! 62800
70 904 10000
96 410 566
8782 10535 500 385 250 575 11502 1035 13 2402 310
14573 87550 43300 23800 6200 7800 55125 42000 5300 2340 7760
275 265 121 651 1
624 2414
262 311 301
120: 300;
144
82
87 259 191
23
24
253 405 170
473
200 47 142 128 3021 50 42 154
2027 124849 863072 1268 129 5262 5754 4626; 7280 5251 5275 107407 48 128
4260 135 12600 9000 1050
290 1000
450 5000 261
7000 4000
39000 7000
6500 5000 191
13
40 157
2
21911 335 644 300 31 4
1014 20
410 1032
357
150 135 235 118 540 1260 175
200
1567 96
1007 209 422
1093 222 318 211
1500 168 264 27
14 249 51 71 5743 1 1050 12750 110 40493 j 3029 , 4293 11006
1750 3085 4018
550 i 590 210 : 242
700 128 160, 180 125: 130 j 110 40, 40
5951 i
100
420
102 i 4251
13: 20535 522 476 8j 1452 230 210 1
2r"'475i"206 "25*0' 3: 580 i 200 240 4 874; 195 422 7 104
2570 561 600, 1200 150 400;
178 ' I
59! !
110 !
