Ministeria Spiritualia Prov. Maryland. — Neo Eboracensis, a die
I Jul. 1918 ad diem I Jul. 1919
Baltimore
Huston, College
High School ami Church
Holy Trinity
Bowie
Brooklyn
Buffalo, Canisius College
Canisius High School and Church
" St. Ann's
t'haptico
Georgetown^ College
Holy Trinity
Jamaica Mission
Keyser Island
Leouardtown
Missionaries
New York, St. Francis Xavier's*
" Fordham
St. Ignatius Loyola'sf
Church of the Nativity
Kohlinaun Hall
" "America"
Philadelphia, Gesu
" St. Joseph's
I'oughkeepsie, St. Andrew's
Ridge
St. Thomas'
Washington
Woodstock
Worcester
Yonkers
Sum ma
11
560 j 44 1 83 j
1341 48 1 261 50
208
160 40 1
1581 .59S!
150!
3i 70 1
I
252 1
4I 541 j 4341
18 13
"I 21
2
164| 42|
2I 41
651
137 1
1
56 j
6I 1| 2I
48| 30 j
9I 9] 33 i
02.771 45.084 141.394
30.500 11,150 50,000 23,385 112,398 75,593 15,350
19,970 87,890 77,750 2.953 34,602 144,234 153,097 37,257 157,500 55,055 6.905 8.007 j 191,203 | 48,3731 58,lS8l 9,000 1 7,455 81,430 47,201 40,311
67.750
19,500 190,900
78.800
37,000 8,500
90,000 105,450
70,112 156.300
21,000 110,785
29,285 223.081 116,700 20(1
50,151 318,300 277,412
95,300 302,187
06,706
13,875
18.270
55,680 89,042 10,300 7,685 j 170,000 | 131,685 1 46.942
83 11 4.355 230 76 34 74 563 177 274 97 127 47 702 617
200 2,771 | 71 2,109 281 2 10 1 697 j 51 1 1,206 1 96 1 79 1 287 1 4161
215 1 1421 350 180 1 54 1 10 1 285 j 1.181 1
71 1 69| 128
241
660 1 331
2117, 140 1 2241
434 1 124 1 1971 155 1
19 1 275 j
27 1
1,098 244| 15,910| 7,703
70 ISO 81 165 51 32 100 240 204 16] 821
3,172 12,358
332
151
376
210
900
255
336
92
227
65
202
23
700
132
285
136
250
268
248 204
139 178
371
114
172
53
1,190
435
295
78
1221 92 j 74 1
6
12
10
10
8
6
... 1
2
3
23
8
17
...
21
■
8
2
8 9
9 11
10
10
2
7
7
4
3
30
23
12
1
2
2
-I — -
,747 1 57 1 247 1 129 1
509 1851 237 j
791 J 31 228
260 1
2 45 2,080 121 1,242 2
199
420 1
051 34
1,880 234
1,452 105 245 877 232 57
133| 6,682 1 1,369 j 15;
4,380 1,125 1,815 180 470 700 610 2,860 345 448 404 2,002 2,150
0211
3,543 125 2,073 1,850
3,085 202
167]
10.350 451 1,028 150
3001
870 700 1,200
1.500 300 600 580
0,000 287 500
l 61,261 1 5,922] 6:449
4,631 1,450 1 1,890] 1,
* Including Raudall's Islaud and Ward's Islaud. f Iucludiug Blackwcll's Island. Including 34 Laymen.
