Ministeria Spiritualia Prov. Maryland —Neo Ebomcensis, a die r Julii 1920 ad diem i""* Julii 1921
DOMICILIA
c
>(
a;
6
s
Mat rim. henedlc.
2
_0
«
s
'H
a Ch
I'arati ad Couflrm. |j
1
i
s
s
'S
5
1 «
5
J* 65
■5
z 1
1 si Z
8 S
;a
,0
a *^
i
c -a 0
CO
c -a
Foedus SS. Cordis
Pneri in schol.parocli.
Pnell.in schol. paroch.
.3
1
0
-si
89420
88047
54
16
69
41
14
98
514
161
12
10
5
9
5
"3
38
590
6
2300
" High School and Church. . . " Holy Trinity
301 70 85
59 23
8
44290 129104 87210 42064
13200 1085 1 1 82740 70000
1 12
38
4
I
1272 218
95
65 482 137 708
5
113
244 88
43 12 120
.337 657 602 320
140 136 82 97
3
15 18
5 2
9 3 I
I
5 5
3 3
5
2535 1207 52
no
5
285 60 595
4 6 4 4
620 935 398 T599
700 2400
600 1085
375 220
360 301
450 567 550
.S9
5918
4596
16
3 '
6
170
129
lOI
I
170
130
160
Brooklyn
23
5"997
49000
43
6
4"
298
46
1015
88
2
2
4
2
10
300
4
180
6200
250
Buffalo, Canisius College ...
Canisius H. S. and Church . .
S5 205
4 35
27250 104414 66514
46300 102069 1 23600
41
82
„
136 34 114
125 78t) 1013
I
35
4 161
282 6og 2b3
137 271 108
I I
6 5
7 II
7
3
3 5
500 43 129
50
32
454 1068
3
9 6
350 1849 2610
250 2379 600
168 564
183 573
383 40
160
18320
19S40
25
62
45
138
'53
225
2
3
200
10
721
597
633
Georgetown, College
" Holy Trinitj'
19 137
8 28
183S8 22S00
89473 60000
3 43
2
70 86
240
I
275
6
204 450
60 75
I
4 1
1 ^
2
5
5 3
885 150
I
10882 750
6 4
335 565
320 2000
250
3S5
100
1872
252
91545
210257
119
808
1253
740
836
1779
480
7
3
2
9
4
815
213
1001
18
2020
5400
930
1019
1584
429
25
64121
35810
73
4
71
J 59
209
302
3S6
181
12
2
9
448
4
1517
360
340
310
206
I
90
2450
5'''
20
2
1
5S98S
24
58
369
46
2-15
9
1 170
1000
368
264
210000
613000
123
1608
314
490
2412
1 109
5
2]
'34
I
10
New York, St. Francis Xavier's") . . .
" " St, Ignatiu.s I/)y()la';i'-> " " Chun'h of the Nativity . " " Kohlniann Hall
250
547
3 4
118 37
12559^
200276 36S60 ' 8654 61-5
308050
562 i7 306179
2.)i)(X)
151 10 13940
127
75 2
23 27
1 1 86 46
2261 49 5 60
95 T 155 206 614
80
228 31 1
301
407 43^^
I
1421 615
1141 338 177 149
186 1 86 97 132 127
3 7
8
14
2 23
12
\ 2 61
6 I
2 6
12
23 8 8 4
'4
3S9 65
502 37 5
145
50 86 2
2125 00 14S7 174 4
1 1 3 9 6
1895 125
2152 226
4910 950
2787 200
460 500
450 500
60
150 600
Philadei>phia, Gcsu . .
" ■ St. Joseph's
131
/1 8
21 1542 5 2 1, So
42 1 i6:l
210
18
463
i3^>
"3
789 440
'68
I
I
2
1 1
8 2
1260 52
185
667 232
12
31 10 '745
5000 1800
510 160
5'5 180
1080 136
POUGHKEEP.SIE, ST. ANDUKW'.S ....
133
42
75370
6314"
:-'3
471
144
104
141
575
494
1
15
9
26
9
6
910
.351
708
3
410
400
50
107
13
22634
23Sf)0
2 1
54
3'-"
126
280
■34
3
3
'
Gz
3
So
350
20
42
15"
109
8
7100
6050
32
2
35
1 39
200
6
I
23
600
316
Washington
301
52
■';54^>l
':'5
10
'87
478
37
529
48
6
I
162
6, ',7
5
1500
500
450
625
150
49
] I
38795
93720
9
3"
369
129
6
18
17
2
4
16
44
4
70
301
III
4
40244
67000
6
231
55
1 1
5
50
2
300
600
I
4683
2 1 1 20
1 250
115
51
A
3
8
3
675
Sum ma
5779
1212
2052323
3-133198
1456
3<'3
8109
1 1 664
4507
3647
17842
54^i6
46
251
29
,88
1 1 1
1 07 1 3
1165
23634 ;i62
27575
44720
4947
5443
8994
1. Iiicludiog Kaiirtairs a.Kl War«VsIsla«<ls. 8. Iiicliiflirifr Blackw»>n*« Island. * Iiioluding Ke<rf ats to I.aj
