Ministeria Spiritualia Prov. Maryland. —Neo-Eboracensis, a die r Julii 1922 ad diem i""" Jiilii 1923
I)03IICIL1A j
j
1
c
!
1
1
;5
f 1
f
s
Paratt ad Confirm. 11
Exhortationes
1
S
Exerc. Spir.Sacerd.
•2
]S
'i
1 to to
ft*
1
to
to
c *|
5
to
.© <
?:
to 0
40
/*
to
to '~
1
1
1
1
to c
Focdus SS. Cordis
Pneri in schol.paroch.
Puell.tn schol. paroch.
f
0
.Si
iLTiMORK, College and Church ....
)STON, COLLKGF,
High School and Church . . .
" St. Marj-'s ...
" Holy Trinity
52
368 79
35
2 52 22
9
S3528
106120
3
36
214
27
40
575
s
12
4
250
81 1990
89
53
1480
10 415
42 610
4
1695
1
i 850 2426 360 1475
1500
800 13 10
650 1500
j i
100
420
498
5:963 12^777 102044
4 i 000
50500 205626 100525
70500
4 2
59
4
1
49 761 78 64
207 177 30 500
i
.35
210
48
175
20
1 500 j 7*^9 1 369
1 2CiO
120 109
62 60
4
24 25
I
4 3
5
^> 2
3 2
4 40
5 II
3 4
1
363
; 270
436 250
58
6
9600
16000
10
.'24
18
96
10
I
6
92
3
52
1
60
130
97
21
66077
56000
29
2
Us
470
50
429
172
2
4
10
6
21
6
905
3
250
10750
300
JFFALO, CANISIUS COLLEGE
" Canisius H. S. and Church . .
80 172
3 9 13
106358 67473
79592 155483 104125
40 90
4
3 9
171
46
92
25 655 1340
35 b6 170
128
! 359 ' 429 194
143
129
32
6
7 2
4 7
I
3 1
5 5
520 150
68
5 45 2
70 1000 997
2
7 6
692 3152 3000
320 3450 1000
135
543
125 595
75 500
lAPLAiNS — Blackwell's, Randall's and Ward's Islands, Long Island Hospital, Sospital, Woodhaven, N. Y.
221
63
44375
72592
2
5
196
951
89
65
i 632
49
8
5
1495
377
18708
2
250
1
482
i
503
193
23069
20500
31
2
69
125
269
662
394
60
1
8
262
4
470
800
600
" Holy Trinity
34 175
19 35
25444 50687
104805 78500
11
86
3
4
61
204
151
46
15. 145
40
i 423 303
208 117
7 2
23 3
8
2 2
5 4
9 5
.340 136
1
90 512
4
5
480 790
1228 1500
330
375
135
2994
634
102664
337597
187
24
069
1408
1376
1
1412
1771
806
9
5
12
2
187
150
2661
29
2040
5100
3000
3400
2099
iSEY City, College and Church . . .
109
28
125000
50000
52
2
43
50
314
I 480
50
8
2
3
I
50
170
8
1540
3700
300
351
150
258
690
4
6
lOI
2
19950
50750
28
50
108
i ^5
220
46
I
3
48
5
160
II
1240
500
365
199
249189
613055
97
792
313
. 269
3168
"73
.33
;w York, St. Francis Xavier's ....
" " Fordham
" " St. Ignatius Loyola's. . . . " " Church of the Nativity . . " Kohlmann Hall
153
18 332 279 1
13
28
2 7
1 13400 32799 1 1 6756 30000 5261 2598
2 1 3000 98800
315000 3S000 13152 4310
116 9
220 1 1 1
5
5
310 109 188 95
3
126 290 211 600 26 24
168
174 578
287 i 242
i 650 i
1047 734 499 300
"5 200
245 114 108 100
57 II
9 3
23 21 16 I 7 I
12
6 9
9 7
8 4
*28
2
3 2 6 10 I
42 7 1 1
8 20 7
385 141 75 40
lO
ro
13 50
2
1140 II
2300 140 18 60
9 8
8
2314 417
1213 500
6250 1100 2900 1000
456 545
440
598
80
150 600
ILADRLPIIIA, Gesvl and College . .
St. Joseph's Church . .
233 122
62
1 872 14 85000
372850 48200
77
39 14
270 52
568 165
35*
230
451 225
642
508
229 109
4
9 6
9 6
8 24
5 3
1024 120
1942
12 I
3083 120
6285 1900
525 160
520 190
1070 135
UGHKEEPSIE, ST. ANDREWS ....
34
5
37883
46377
7
453
15
346
70
6
7
30
21
2
6
673
204
45
70
1
32
67
4
11746
13400
16
3
32
403
172
i 272
71
1
II
I
I
9
187
265
250
121 1
174
255
Thomas'
129
7847
8280
15
2
55
1 45
105
2
3
2
223
168
500
iSHiNGTON, College and Church. . . .
179
43
72970
1 30700
i 83
14
184
275
220
369
724
94
4
4
2
12
162
9
537
4
1 150
5640
425
525
9
15000
4500
i
!
2
10
95
5.5
6
1
8
3
3
30
30
IQDSTOCK
S-? ^0
2
57080
87386
21
!
4
49
8
II
502
' 15
4
18
15
5
36
I
46
2
137
164
160
17
35467
54930
136
150
327
204
13
I
5
62
I
21
405
700
6
7
5035
31300
1
3
2080
7
760
38
5
9
12
3
2
20 1
180
54
SUMMA
6659
1217
2138249
3843145
1 1440
258
021
1 2 193
5109
5275
1 18511
5153
45
260
139
79
210
149
180
8295 1
918
34820 1
192 ^
50589 (
31131 17173
7979
8857
* Including; Retreats to I<aymen »t Mt. Manresa.
